100
1 20
1 40
2 93
2 71
2 26
2 6
3 45
3 87
3 21
3 51
4 76
5 19
5 21
5 28
5 62
5 53
6 25
6 46
6 46
7 50
7 44
8 98
8 80
8 59
9 65
9 6
9 70
9 21
10 82
10 16
11 8
12 31
12 38
12 41
12 3
12 9
13 70
13 79
14 91
14 41
15 4
15 11
16 14
16 44
16 23
16 32
16 98
17 97
17 69
17 45
17 3
17 51
18 73
18 96
18 61
18 29
19 43
19 78
19 38
20 47
20 58
20 5
20 4
21 97
21 92
22 80
22 23
22 31
22 45
23 71
23 71
23 7
23 33
23 78
24 69
24 36
24 18
25 11
25 43
25 46
25 85
25 65
26 96
26 2
26 62
27 89
28 78
28 46
28 96
28 53
29 9
29 45
29 36
30 25
30 4
31 15
31 46
31 74
31 54
32 45
32 86
33 32
33 96
34 97
34 90
35 68
36 46
36 90
37 76
37 5
38 99
38 54
38 12
39 23
39 70
40 34
40 14
40 3
40 42
41 3
41 34
41 69
42 56
42 59
42 41
42 6
43 82
43 1
43 82
43 65
43 77
44 49
45 31
45 88
46 16
46 29
46 95
46 5
46 62
47 31
47 52
48 19
48 84
48 70
48 94
48 84
49 9
50 3
50 51
51 18
51 53
51 58
51 44
52 9
52 24
52 35
53 7
53 54
53 98
53 38
53 54
54 49
54 34
54 75
55 98
55 30
55 76
56 7
56 63
56 2
57 40
57 41
57 36
57 77
58 73
58 69
58 9
58 6
59 34
59 76
59 64
59 3
60 11
61 25
61 66
61 67
61 70
62 51
62 67
62 80
63 5
63 34
64 83
64 49
64 27
64 83
64 72
65 74
65 14
66 53
66 61
66 98
66 87
67 57
68 22
68 58
68 5
69 50
69 50
69 52
69 89
70 2
71 59
71 17
71 39
71 99
72 25
72 24
72 36
72 40
72 8
73 50
73 9
73 17
73 37
73 1
74 57
75 12
75 42
76 68
76 7
76 17
76 83
76 73
77 86
77 34
78 97
79 68
79 83
79 33
79 81
80 82
80 24
80 23
80 51
80 30
81 67
81 80
81 15
81 77
82 73
82 61
82 73
83 92
83 97
83 17
83 96
84 46
84 95
84 77
84 54
84 64
85 40
85 74
85 41
86 22
86 66
87 55
87 16
87 99
87 40
87 88
88 51
88 85
88 63
88 82
88 63
89 57
89 51
89 71
89 98
90 58
90 72
90 81
90 92
91 85
91 29
91 76
92 15
92 52
93 48
93 50
93 60
94 61
95 91
95 78
95 92
95 52
96 86
96 48
96 8
96 97
97 40
98 53
98 35
98 58
98 92
98 30
99 97
100 45
100 31
100 77
100 76
100 47
