1000
1 131
1 316
1 44
1 127
2 71
2 943
2 867
3 30
3 878
3 961
4 186
4 942
4 68
4 420
4 241
5 579
6 159
6 559
6 574
6 106
6 165
7 438
7 254
8 469
8 797
8 21
8 371
9 859
9 158
10 217
10 436
10 534
10 813
11 143
11 661
12 152
12 633
12 264
12 759
12 103
13 941
14 597
14 752
15 780
16 246
16 878
17 813
17 383
17 303
18 414
18 642
18 879
18 719
19 465
19 264
19 923
19 819
20 788
20 475
20 121
20 64
20 89
21 464
21 512
21 211
21 819
22 82
22 806
22 783
23 512
23 471
23 676
23 418
24 894
24 616
24 748
25 695
25 525
25 808
25 647
25 394
26 932
26 917
26 457
26 327
27 115
28 351
28 673
28 499
28 977
28 203
29 297
29 879
29 982
29 661
30 694
31 750
32 983
32 920
32 762
32 496
32 861
33 252
33 313
33 882
33 877
33 239
34 760
34 112
34 819
34 650
34 952
35 705
35 426
35 526
35 791
35 810
36 930
36 909
36 907
36 235
36 259
37 18
37 661
38 682
38 387
38 475
39 63
39 570
39 11
39 358
39 382
40 765
41 146
41 975
41 892
42 734
42 575
42 347
42 11
42 326
43 167
43 70
43 791
43 470
44 14
44 604
44 19
44 967
45 569
45 247
45 654
45 210
45 606
46 189
46 719
46 823
46 85
46 801
47 259
48 827
48 481
48 660
49 870
50 208
50 877
51 50
51 555
52 298
52 194
52 737
52 717
52 828
53 112
53 3
54 607
54 896
54 35
54 536
55 967
55 555
56 329
57 496
57 623
57 304
57 179
57 182
58 298
58 83
59 604
59 696
60 558
60 700
60 132
60 422
60 155
61 858
62 42
62 789
62 188
62 224
63 615
64 340
64 357
64 110
64 547
65 19
65 804
65 37
65 491
66 781
67 674
67 254
68 946
68 682
68 297
68 955
68 633
69 801
69 183
69 765
69 528
69 999
70 769
70 607
71 264
72 179
72 700
72 392
73 31
73 153
73 846
73 489
73 913
74 946
74 902
74 980
74 722
74 367
75 959
75 298
76 296
76 187
76 49
76 1000
76 501
77 798
77 153
77 476
78 169
79 895
80 903
81 764
81 453
81 612
81 495
82 193
82 582
82 567
82 158
82 160
83 438
83 977
84 919
84 66
84 947
85 981
86 495
86 80
86 273
86 221
86 229
87 850
88 694
88 521
88 116
88 432
89 533
89 995
89 479
89 829
89 561
90 550
91 442
91 178
91 338
91 914
91 979
92 946
92 450
92 438
92 986
93 83
93 588
93 988
93 254
94 837
94 422
94 271
94 78
95 71
96 14
96 964
97 313
97 878
97 51
98 61
98 906
99 995
99 192
99 483
100 391
100 610
100 743
100 993
101 194
102 464
102 434
102 310
102 873
102 243
103 53
103 337
103 714
103 736
104 922
105 547
105 119
105 581
106 439
106 442
106 439
106 647
107 59
107 871
107 149
107 702
107 323
108 383
108 369
108 989
109 454
109 344
109 938
110 303
110 237
110 739
110 721
110 852
111 473
111 173
111 656
111 379
111 864
112 637
112 546
112 830
112 689
113 163
113 886
113 335
114 814
114 963
114 608
114 934
114 161
115 521
115 608
116 333
116 507
116 375
116 31
117 307
117 587
117 536
117 283
118 129
118 231
118 852
118 472
119 746
119 335
120 387
121 409
121 112
121 572
122 468
123 846
123 193
123 308
124 431
124 813
124 416
125 399
125 547
125 710
125 166
126 66
126 500
126 603
126 846
127 422
127 46
127 651
127 276
127 705
128 470
128 915
129 499
129 172
130 340
130 829
131 55
132 664
132 259
133 73
133 286
133 131
134 288
134 682
135 849
136 723
137 66
137 478
137 186
137 756
138 212
138 139
139 512
139 331
140 999
140 520
140 338
140 506
140 767
141 689
141 521
142 58
142 569
142 289
142 163
142 671
143 899
144 145
144 267
144 258
145 346
145 857
145 294
146 723
146 746
146 945
146 929
147 334
147 90
148 316
149 748
149 909
149 252
150 335
150 495
150 732
150 889
150 901
151 36
151 719
151 86
151 755
151 216
152 93
152 520
152 788
153 194
153 307
153 324
154 110
155 117
155 354
155 791
155 492
156 710
156 956
156 903
157 373
157 738
157 944
157 707
158 39
158 552
158 262
158 971
159 962
159 855
159 104
160 748
160 127
160 649
160 668
161 17
161 741
161 771
161 713
162 22
162 423
162 725
162 833
163 216
163 927
163 244
163 935
163 302
164 113
164 575
165 534
165 220
165 470
165 309
166 192
166 325
166 672
166 567
167 537
167 427
167 439
167 688
168 109
168 396
168 391
168 443
169 962
169 473
169 162
169 244
169 8
170 45
170 223
170 15
171 227
171 825
171 810
172 662
172 704
172 600
172 463
173 279
173 639
173 725
173 627
174 987
175 886
175 367
175 144
176 507
176 589
176 226
177 266
177 860
178 821
178 401
179 326
179 435
179 817
180 15
180 469
180 394
180 512
180 640
181 496
181 30
181 178
181 269
181 876
182 432
183 911
183 983
184 593
184 205
185 522
186 633
187 333
187 203
188 306
188 838
188 979
188 845
189 969
189 102
190 910
191 520
191 465
191 682
191 127
192 47
192 88
192 207
192 951
192 385
193 984
194 392
195 172
195 189
195 974
195 675
195 928
196 393
196 585
196 639
196 850
197 972
197 578
197 114
197 734
197 782
198 970
198 963
199 93
200 329
200 98
200 499
200 520
200 334
201 711
201 92
201 227
201 774
201 70
202 90
202 899
202 665
202 235
202 633
203 684
203 124
204 564
204 529
204 935
204 849
205 984
205 467
205 732
206 926
206 413
206 123
206 74
206 505
207 39
207 6
207 751
207 954
208 968
208 282
209 690
209 727
209 423
210 654
210 913
210 673
210 430
210 818
211 698
211 629
211 493
211 522
211 237
212 772
212 629
213 219
213 973
213 682
213 111
213 266
214 850
214 981
214 822
214 284
214 339
215 845
215 790
215 313
216 653
216 459
216 202
216 393
216 181
217 277
217 989
217 660
217 422
218 794
218 876
219 375
219 726
219 201
220 914
220 8
221 738
221 936
221 673
221 678
222 215
222 534
222 163
222 667
222 966
223 43
223 143
223 696
223 913
223 120
224 903
224 746
224 910
224 728
225 632
225 193
225 666
226 278
226 499
226 143
227 631
228 744
229 23
229 40
230 724
230 610
230 142
230 952
231 244
231 790
232 879
232 326
232 490
232 842
233 116
233 177
233 195
234 286
235 506
235 930
235 145
235 1000
236 866
237 14
237 434
237 196
237 720
238 33
238 84
238 927
238 726
238 851
239 974
240 920
240 818
240 989
240 460
241 714
241 204
241 848
242 791
242 73
242 692
242 633
243 691
243 256
243 919
243 659
243 172
244 476
245 635
245 879
245 695
245 101
246 442
246 332
246 774
246 859
246 500
247 802
248 764
249 222
249 881
249 337
250 200
250 435
251 696
251 137
251 231
252 159
252 395
253 543
253 610
254 63
254 169
254 795
254 646
255 592
255 195
255 492
255 843
256 922
256 805
256 646
257 234
258 407
258 603
258 305
259 402
259 225
259 511
260 622
260 956
260 873
261 473
261 788
261 311
261 341
261 34
262 468
262 292
262 541
262 4
263 423
263 912
264 743
264 619
264 499
264 205
265 252
265 156
265 608
265 277
265 682
266 621
267 463
268 893
268 463
268 792
269 956
269 792
269 913
270 613
270 459
270 54
271 812
272 261
273 563
273 680
273 893
274 494
274 637
274 176
274 271
274 44
275 455
275 486
275 597
275 775
275 197
276 502
276 966
276 703
277 662
277 791
277 84
278 854
279 726
280 296
281 275
281 604
281 256
282 509
282 981
282 15
282 700
282 129
283 474
283 934
283 456
283 427
284 727
284 55
284 468
284 428
285 559
285 963
286 642
286 935
286 781
286 219
287 506
287 426
287 234
287 610
287 670
288 780
288 976
288 587
288 804
289 315
289 747
289 915
290 248
290 281
291 921
292 11
293 576
293 377
293 714
293 18
294 895
295 587
295 412
295 937
296 160
296 325
296 843
296 43
296 229
297 9
297 726
298 755
298 669
298 102
298 329
298 804
299 834
299 447
299 854
299 971
299 760
300 526
300 882
301 220
301 765
301 820
302 142
302 867
302 121
303 512
303 985
303 131
303 846
303 94
304 400
304 446
304 659
304 568
304 776
305 669
305 450
305 356
305 624
306 741
306 104
307 865
308 126
308 898
309 955
309 362
309 1
309 176
310 756
311 54
312 140
312 863
312 300
312 232
313 413
314 395
315 760
315 206
315 234
315 924
315 354
316 557
316 662
316 197
317 518
317 717
317 408
317 568
318 641
318 73
319 113
320 926
320 918
320 957
321 392
322 47
322 225
322 379
322 466
323 794
323 664
324 276
324 461
324 207
324 680
324 281
325 930
326 217
327 846
328 290
328 542
328 814
328 579
328 449
329 851
329 309
329 734
329 116
329 265
330 861
330 482
331 606
331 434
331 793
331 414
331 841
332 9
332 802
332 176
332 907
333 738
334 232
334 869
334 402
334 613
334 149
335 294
335 609
336 839
336 689
336 968
337 753
337 462
338 271
338 212
338 925
338 607
339 394
339 840
339 601
339 766
339 32
340 34
341 922
341 272
341 840
341 696
342 383
343 24
343 632
343 669
343 369
344 116
344 427
344 523
345 874
345 15
345 911
346 368
346 974
346 610
347 21
348 964
348 830
349 725
350 336
350 837
350 672
350 25
350 873
351 70
352 793
353 912
353 557
353 853
354 412
354 280
355 624
355 845
355 679
356 603
356 710
356 3
356 260
356 210
357 233
358 289
358 520
358 941
359 985
359 367
360 578
360 349
360 677
361 467
361 526
361 110
362 5
362 373
362 173
363 326
363 200
363 751
363 198
364 620
364 451
364 230
364 453
364 992
365 17
365 649
365 118
366 297
366 589
367 587
367 374
368 831
368 695
369 33
369 697
369 376
369 972
369 754
370 109
370 390
370 450
371 452
371 762
371 247
371 673
371 815
372 752
373 232
374 713
374 17
374 651
374 50
374 146
375 687
375 405
376 365
376 549
377 235
377 633
378 805
379 963
379 312
379 746
379 57
379 481
380 180
380 353
380 449
381 565
381 13
381 307
381 901
382 28
383 566
383 646
384 193
385 762
385 783
385 861
385 450
385 747
386 540
386 160
386 944
386 51
387 468
387 604
387 652
387 857
387 422
388 627
388 524
389 316
389 165
390 561
390 330
390 312
391 651
391 977
391 437
392 669
393 23
393 869
393 282
393 358
393 32
394 668
394 210
395 266
395 829
396 584
396 436
396 601
397 347
397 553
397 474
397 691
398 674
399 697
399 263
399 229
399 506
399 359
400 410
400 57
400 861
400 779
401 393
401 603
401 551
402 356
402 322
402 819
402 634
402 340
403 470
403 287
403 885
403 989
404 288
404 109
405 343
405 489
405 489
406 256
406 367
407 300
407 962
407 798
407 544
408 922
408 686
409 160
409 763
409 626
409 533
409 161
410 941
410 571
410 577
410 291
411 131
412 542
413 765
414 37
414 816
414 894
414 631
414 588
415 546
415 850
415 907
416 274
416 922
416 510
416 515
417 592
418 13
418 305
418 210
418 562
418 326
419 741
419 142
419 555
419 744
419 216
420 86
421 574
421 220
421 749
422 412
422 904
422 577
422 680
422 469
423 919
423 363
423 302
423 780
423 463
424 439
424 815
424 140
424 504
424 202
425 857
426 304
426 93
426 650
427 951
427 126
427 520
427 985
428 193
428 757
428 798
429 841
430 533
430 296
431 234
431 504
431 484
431 821
432 613
432 302
432 205
433 648
433 954
434 672
434 738
434 256
434 913
434 938
435 500
435 271
435 928
435 211
435 461
436 632
436 875
436 75
436 892
437 204
438 598
438 380
439 413
439 456
439 967
440 950
440 49
440 133
441 824
441 998
442 567
442 250
442 437
442 225
443 693
444 248
444 491
444 917
445 919
445 986
445 782
446 488
446 888
447 884
447 501
447 661
447 307
447 140
448 767
448 80
448 860
448 628
448 635
449 850
449 862
449 264
449 722
449 150
450 605
450 430
450 506
450 233
450 609
451 324
451 672
451 965
451 133
451 500
452 550
452 229
452 229
452 760
453 939
453 54
453 738
454 235
454 311
454 493
454 714
455 972
455 899
456 927
456 138
456 903
457 310
458 382
458 876
458 200
458 315
458 145
459 414
459 895
459 73
459 401
460 724
460 705
461 293
462 442
462 340
462 973
462 483
463 208
463 998
463 350
463 730
463 882
464 741
464 586
464 348
464 199
464 842
465 351
465 187
465 539
465 146
465 610
466 860
466 913
466 935
466 381
466 428
467 166
468 692
468 935
469 65
469 661
469 814
470 668
470 105
471 77
471 825
471 610
471 750
471 424
472 47
472 540
472 42
472 504
472 839
473 709
473 102
474 98
474 36
474 242
474 125
475 418
475 240
475 303
475 395
475 987
476 900
476 675
476 374
476 224
476 543
477 210
477 487
477 380
477 662
478 246
478 999
479 100
479 30
480 265
480 243
480 555
481 988
481 188
481 302
482 484
482 545
482 11
482 853
482 647
483 645
483 304
483 543
484 688
484 142
484 482
485 523
485 192
485 168
486 546
486 647
486 867
486 160
486 2
487 708
487 407
487 946
488 618
488 155
488 722
488 718
488 882
489 521
489 968
490 427
490 302
490 248
490 948
491 607
491 385
491 354
492 755
492 789
493 804
493 649
493 8
493 850
494 873
494 592
494 810
495 537
495 342
496 957
496 274
496 125
496 267
497 806
498 254
498 934
498 151
498 740
499 659
500 744
501 89
501 215
501 196
501 10
501 230
502 659
502 82
502 963
503 489
503 195
504 149
504 170
505 748
506 855
507 609
508 642
508 995
508 790
508 827
508 812
509 975
509 455
509 331
510 391
511 25
511 981
511 722
511 955
511 161
512 889
512 387
512 231
513 221
513 738
514 887
514 806
515 554
516 900
516 851
516 672
516 98
517 665
517 648
518 272
518 672
518 800
518 739
518 171
519 787
519 61
520 795
520 819
520 865
520 66
520 207
521 292
522 954
522 804
522 526
522 211
523 375
523 419
523 746
523 553
523 331
524 406
524 364
525 732
525 71
525 34
525 675
526 654
526 261
526 478
526 667
526 610
527 743
527 71
528 16
528 773
528 272
528 681
529 179
529 350
529 854
529 595
530 470
530 684
530 75
531 77
531 210
532 677
532 838
532 41
532 794
532 786
533 800
533 88
534 283
534 687
534 317
534 715
535 114
536 703
536 391
536 814
536 614
537 820
537 281
538 934
539 782
539 787
540 594
540 846
541 137
541 986
542 236
542 622
542 584
543 565
543 42
543 891
543 753
544 566
544 422
544 510
545 412
545 643
546 984
547 631
547 782
547 713
548 848
549 312
549 705
550 972
550 770
551 364
551 232
551 181
552 725
552 694
553 325
553 244
553 621
553 175
554 731
555 456
555 490
555 443
555 516
556 179
556 511
556 877
557 5
557 551
557 511
557 149
558 15
558 718
558 15
559 650
559 373
560 206
561 934
561 442
561 619
561 163
562 915
563 13
563 631
563 474
563 33
564 671
564 255
564 939
564 688
565 53
565 103
566 230
566 97
566 883
566 277
566 827
567 314
568 894
568 774
568 241
568 606
568 966
569 184
569 27
569 804
569 127
569 871
570 627
570 826
570 666
570 784
570 629
571 373
571 674
571 559
572 65
572 458
572 400
573 501
573 949
573 654
573 294
573 660
574 403
574 454
574 712
575 41
575 51
575 263
575 889
575 730
576 785
576 251
576 764
576 793
577 274
577 277
577 1
577 583
578 200
578 245
578 833
579 975
579 407
579 915
579 252
579 696
580 264
580 495
580 309
581 609
582 856
582 870
583 85
583 984
583 720
584 457
585 615
585 904
585 614
585 785
586 961
586 606
587 410
588 908
588 198
588 272
588 281
588 670
589 994
589 35
590 683
590 527
590 507
590 524
590 249
591 221
591 658
592 126
592 544
592 827
593 14
593 20
593 444
593 37
593 831
594 455
594 616
594 418
595 108
595 292
595 705
595 62
596 550
596 492
596 788
596 518
596 210
597 724
597 224
597 190
597 831
597 236
598 550
598 970
598 491
598 118
599 636
600 332
600 929
601 955
601 572
601 332
601 169
602 279
602 233
602 113
602 820
603 25
604 925
604 746
604 428
604 727
605 529
606 249
606 506
607 800
607 143
607 972
607 608
608 912
608 297
608 163
608 730
609 778
609 279
609 847
609 352
610 118
610 607
611 543
611 940
611 520
611 504
611 524
612 481
613 346
613 939
613 469
613 430
613 469
614 531
614 721
615 90
615 372
615 133
615 71
616 605
616 868
616 585
616 466
616 325
617 420
617 943
617 434
617 618
618 343
618 765
618 124
618 295
619 320
619 699
619 815
619 251
620 470
621 940
621 222
621 244
621 635
621 778
622 108
622 383
623 368
623 44
623 287
623 12
623 272
624 44
624 621
625 488
625 432
625 623
625 489
626 355
627 523
627 52
627 777
628 853
628 798
628 790
629 321
630 765
630 335
630 613
630 917
631 909
631 483
631 353
632 753
633 273
633 724
634 767
634 314
634 272
634 696
635 30
635 953
635 824
635 626
635 126
636 581
637 585
637 678
638 846
639 25
639 369
640 636
641 695
642 423
642 687
642 819
643 351
643 484
643 689
643 890
643 542
644 787
645 675
645 864
646 122
646 548
646 238
646 470
646 470
647 301
647 543
647 257
647 88
647 678
648 593
648 583
648 295
648 716
648 872
649 251
650 164
650 472
650 124
651 584
651 798
652 300
652 716
652 474
652 56
652 920
653 81
653 599
653 13
653 57
654 759
654 656
654 500
654 539
654 439
655 774
655 763
655 890
656 349
656 521
656 959
657 288
657 722
657 796
657 380
658 640
658 587
658 735
658 286
659 293
659 763
659 311
660 99
660 578
661 598
661 624
661 915
661 133
662 331
662 718
662 746
663 166
663 460
664 39
665 934
665 538
665 785
665 814
665 54
666 215
666 812
666 396
666 630
667 903
667 953
667 297
667 981
668 314
668 227
668 207
668 691
669 560
669 197
669 198
669 472
670 345
670 36
670 998
671 90
671 653
671 492
672 624
672 848
672 43
672 315
672 352
673 682
673 130
673 426
673 757
674 599
674 782
675 21
675 187
676 398
676 695
676 45
676 260
676 874
677 394
677 204
678 173
678 938
678 667
678 124
679 786
679 347
680 404
680 591
680 580
680 351
680 484
681 449
681 620
681 70
681 703
682 70
682 842
682 176
682 262
682 379
683 348
683 380
684 259
684 674
684 115
684 708
685 951
685 132
685 485
686 976
686 762
686 164
686 803
687 876
688 459
689 626
689 755
689 608
690 333
690 547
690 512
690 424
690 676
691 113
691 482
692 15
692 607
692 617
692 770
693 957
693 135
694 850
695 603
695 564
695 672
695 606
695 110
696 486
696 891
696 651
697 11
697 967
697 791
697 766
698 289
698 723
698 776
698 227
698 728
699 268
699 221
700 487
701 15
701 648
702 651
702 819
702 54
703 651
704 47
704 735
704 804
704 52
705 493
705 593
705 56
705 901
705 471
706 643
706 557
706 605
706 597
707 756
707 884
708 534
708 572
708 182
709 567
710 624
710 47
711 989
711 433
711 346
712 98
712 54
712 126
712 956
713 900
714 697
714 650
714 683
714 439
714 635
715 804
715 451
715 80
715 650
715 360
716 673
716 542
716 753
717 863
717 45
717 139
717 969
717 382
718 978
718 294
718 239
719 604
720 655
721 762
721 453
722 721
722 852
722 439
722 374
723 312
723 128
723 299
724 243
724 556
725 928
725 899
725 770
725 782
725 978
726 104
726 122
726 502
726 254
726 272
727 970
727 520
728 369
729 38
729 46
729 67
730 568
730 405
731 952
732 489
732 43
732 438
732 408
733 306
733 310
733 900
733 53
733 338
734 794
734 851
734 581
735 453
736 846
736 513
737 283
737 247
737 129
737 732
738 414
738 726
738 863
738 911
738 306
739 844
739 799
739 763
739 668
740 766
740 563
741 506
741 879
741 981
741 20
741 603
742 750
742 380
742 870
743 569
743 777
743 120
743 573
743 410
744 567
744 299
744 211
745 66
745 135
746 585
746 538
746 421
746 697
746 231
747 116
747 980
748 17
748 351
748 242
748 861
748 236
749 968
749 835
749 839
749 851
749 780
750 272
751 13
751 154
751 637
751 817
751 48
752 327
752 395
752 136
753 426
753 274
753 892
753 799
754 835
754 374
754 54
755 106
755 832
755 962
756 112
756 52
757 245
757 800
757 16
757 944
757 771
758 860
758 887
759 860
760 128
761 31
762 398
762 992
762 826
762 399
763 934
763 789
763 735
764 358
764 984
764 659
765 994
765 638
765 12
765 315
765 322
766 437
767 694
768 120
768 840
769 355
769 930
770 965
770 23
770 277
770 304
771 600
771 49
772 909
773 493
773 256
773 178
773 354
773 127
774 358
774 656
774 942
774 879
774 919
775 339
775 555
775 977
775 555
775 345
776 860
777 295
778 275
778 443
778 314
779 553
779 703
780 970
780 430
781 409
781 789
782 422
782 843
782 927
783 57
784 539
784 304
785 665
785 993
785 91
786 740
786 636
786 472
787 576
787 212
787 576
787 480
788 222
789 97
789 881
789 627
789 496
789 860
790 468
791 420
792 704
792 920
793 169
793 980
793 81
793 943
794 772
794 186
794 269
794 252
794 197
795 48
795 739
795 737
795 600
795 596
796 591
797 801
797 587
797 513
797 584
798 824
798 956
798 605
798 228
799 159
799 498
799 815
799 855
799 22
800 549
800 805
801 613
801 921
801 532
801 605
802 670
802 104
802 448
803 957
804 92
804 642
804 838
804 968
805 111
805 331
805 448
805 626
806 903
807 576
807 260
808 261
808 333
808 977
809 716
809 718
810 480
810 167
810 821
810 815
811 902
812 360
812 672
812 899
812 734
812 887
813 591
813 54
813 384
814 767
814 269
814 103
815 742
815 407
815 844
816 468
816 438
816 333
816 396
817 992
817 311
818 987
818 755
818 796
818 372
819 253
820 173
820 246
820 250
820 959
821 505
822 409
822 469
822 675
822 856
822 352
823 39
823 343
823 184
824 37
824 731
825 987
825 337
826 769
826 850
826 483
826 645
826 590
827 866
827 872
827 991
828 56
828 203
828 258
828 444
828 366
829 818
829 391
829 517
829 29
829 30
830 441
830 306
830 339
831 207
832 926
832 530
832 388
832 633
832 395
833 725
833 957
834 40
834 820
834 732
834 907
834 696
835 783
835 358
835 572
836 43
836 231
837 542
837 878
837 698
837 651
837 440
838 65
838 281
838 902
838 614
838 61
839 986
840 114
840 195
840 155
840 140
841 843
841 240
841 783
841 482
841 918
842 881
842 61
843 71
843 737
843 967
843 432
844 163
844 78
844 418
844 107
845 12
845 522
846 321
846 574
847 542
847 265
848 598
848 532
849 647
849 322
849 824
849 568
849 90
850 166
850 821
851 993
851 50
851 297
851 25
851 92
852 552
852 258
852 129
852 161
853 395
853 55
853 954
853 913
853 756
854 989
854 954
855 624
855 979
855 991
855 722
856 239
856 231
856 315
856 402
857 218
857 699
857 787
857 578
857 422
858 402
859 988
859 365
859 456
859 933
859 958
860 674
860 275
860 692
860 198
861 957
861 748
862 950
862 3
863 749
863 119
863 194
863 29
864 197
864 28
864 860
864 395
864 385
865 399
865 776
865 634
865 597
866 40
866 907
866 996
866 357
866 140
867 129
868 734
868 204
869 421
869 397
869 578
869 327
869 901
870 303
870 960
870 958
871 550
872 16
873 930
873 305
873 94
873 695
873 129
874 771
874 735
874 86
875 858
875 63
876 534
876 169
877 953
877 753
877 839
878 58
878 687
878 323
878 639
878 658
879 177
880 974
880 760
880 873
880 785
880 525
881 698
881 897
882 604
882 860
882 24
882 904
882 813
883 180
883 772
884 946
884 726
885 36
885 166
885 589
886 244
886 781
887 138
888 217
889 411
890 468
890 184
891 900
891 160
891 780
891 612
892 26
892 443
892 735
892 380
892 812
893 426
893 990
893 317
893 180
894 618
894 571
894 889
895 440
895 300
895 97
895 453
895 870
896 937
896 189
896 831
897 233
898 280
898 194
898 781
898 762
898 719
899 74
900 737
900 12
900 326
900 829
901 629
901 163
901 448
901 941
901 852
902 719
902 6
902 184
902 197
903 106
903 151
903 505
903 858
904 747
904 318
905 595
905 809
905 575
905 598
905 571
906 697
907 351
907 610
908 179
908 677
909 722
909 384
909 117
909 988
910 551
910 188
910 944
910 428
911 892
911 767
912 793
913 826
913 822
913 756
914 560
914 889
914 361
915 125
916 133
917 915
918 292
919 147
919 372
919 755
919 967
920 175
921 222
922 862
922 338
923 155
923 573
923 658
923 178
923 286
924 774
925 874
925 895
925 24
925 529
925 401
926 626
926 216
926 318
926 499
927 504
927 816
927 146
927 839
928 250
929 12
930 38
930 757
930 615
930 100
930 592
931 483
931 996
931 988
931 822
932 473
932 167
932 718
933 165
933 644
933 724
933 947
934 317
935 300
936 435
937 304
937 237
938 555
938 615
938 643
938 271
939 368
940 357
940 757
940 273
941 593
941 730
941 377
942 74
942 18
942 539
942 754
943 234
943 251
943 494
943 76
944 479
945 235
946 167
946 284
946 985
946 514
946 463
947 265
947 1000
947 325
948 20
948 185
948 123
949 371
949 476
949 246
949 624
949 846
950 545
950 62
951 102
951 730
952 828
952 864
952 711
952 780
953 685
954 317
955 513
956 737
957 294
958 166
958 614
958 695
959 792
959 945
959 900
960 478
960 680
960 715
961 332
961 445
961 46
962 732
962 463
962 966
962 256
962 76
963 651
963 20
964 461
964 887
964 956
964 768
965 337
965 997
965 495
965 135
965 95
966 567
966 695
966 899
966 581
967 273
967 862
967 526
967 822
968 12
968 495
968 539
968 193
969 658
970 770
971 222
971 745
972 678
972 468
973 690
973 665
974 385
974 693
975 159
975 976
976 481
976 144
977 23
977 957
977 57
977 635
978 995
978 567
979 64
979 99
979 428
980 798
980 852
980 382
981 97
982 641
982 935
982 205
982 271
982 61
983 73
983 692
984 426
985 218
985 145
985 909
986 910
986 466
986 931
987 889
987 755
987 603
987 811
988 160
988 977
988 468
988 28
989 270
989 86
989 910
989 868
989 532
990 240
990 490
990 733
990 722
991 829
991 906
991 590
991 364
992 206
993 666
993 86
993 827
993 112
993 909
994 612
994 608
994 954
994 852
995 372
995 812
995 651
995 339
995 307
996 500
996 446
996 898
996 943
997 246
998 531
998 27
998 45
998 403
998 106
999 71
1000 648
1000 103
1000 878
1000 465
1000 983
