100
1 36 7
1 34 48
1 3 47
2 63 45
3 45 34
3 29 13
4 45 20
4 51 33
4 2 18
4 46 27
5 9 27
5 29 19
5 60 30
5 9 33
6 86 46
6 39 12
6 63 26
6 11 25
6 44 47
7 18 41
7 9 42
7 29 34
7 31 40
7 13 3
8 100 41
8 100 40
8 6 46
8 14 30
9 77 26
9 21 4
10 48 40
10 12 5
10 33 38
10 9 10
11 66 46
11 27 26
11 93 4
12 70 11
13 3 35
14 87 2
14 60 22
14 44 26
15 57 37
16 59 48
17 41 50
17 50 29
17 3 27
17 85 41
18 29 2
18 62 13
18 97 43
19 29 46
20 51 7
21 84 46
21 93 45
22 21 37
22 71 18
22 20 13
22 59 12
22 58 47
23 53 10
24 73 44
24 11 32
24 58 16
25 73 5
25 2 39
25 64 33
25 55 38
25 48 50
26 80 19
26 64 50
26 15 9
26 14 10
27 74 29
27 32 27
27 42 46
28 16 42
28 8 2
28 100 5
28 36 21
28 46 32
29 77 22
29 9 17
29 59 35
30 2 18
31 85 10
31 22 44
31 46 11
31 58 23
32 83 44
32 44 14
33 1 14
33 83 17
33 52 50
33 81 21
33 81 49
34 78 37
34 43 12
34 91 2
34 35 33
34 75 6
35 11 32
35 84 5
35 94 15
35 24 9
35 54 7
36 27 20
37 98 31
37 92 1
37 56 40
38 6 24
38 30 32
38 25 24
38 55 20
39 15 28
39 33 10
39 16 30
39 17 16
39 100 47
40 27 1
40 73 46
41 54 1
42 82 32
42 2 24
43 3 46
43 65 6
44 43 45
45 49 32
45 86 27
45 4 2
45 98 46
45 16 24
46 66 1
47 44 5
48 88 17
48 10 37
48 96 37
48 31 28
49 12 22
49 14 9
49 80 42
49 54 43
50 52 41
50 75 44
50 59 19
50 62 3
51 83 31
51 79 23
51 26 41
51 5 13
51 44 1
52 60 18
52 67 18
52 6 24
53 88 49
53 97 28
53 12 11
54 13 17
54 6 11
55 87 20
55 44 28
55 74 7
55 44 19
55 12 20
56 31 41
56 83 46
56 76 48
56 13 24
56 68 11
57 68 1
58 42 45
58 19 45
58 71 15
58 61 4
59 91 46
60 29 15
61 23 11
61 29 23
61 38 40
62 77 47
63 25 38
63 41 50
64 100 9
64 89 12
64 28 24
65 54 41
65 12 20
65 26 32
65 90 5
65 73 6
66 13 21
66 72 14
66 76 26
66 36 48
67 3 6
68 85 14
69 100 10
69 11 3
70 97 18
70 29 7
70 94 7
71 66 32
71 59 31
72 92 38
72 85 39
72 47 28
73 45 24
73 24 42
73 81 43
73 36 30
73 43 43
74 94 13
74 23 23
74 57 31
75 100 16
75 10 12
75 87 8
75 58 20
76 18 10
76 6 24
76 27 19
76 52 9
77 15 18
77 3 20
77 30 6
77 58 48
78 97 9
78 53 24
78 86 30
79 17 47
79 74 12
79 8 20
80 12 18
80 83 20
81 67 50
81 94 2
81 80 26
81 52 1
82 17 5
82 53 44
83 87 16
83 19 22
83 81 24
83 65 11
84 74 6
84 40 22
84 57 46
84 57 11
84 37 25
85 67 15
85 66 33
86 29 50
86 57 33
86 74 11
86 16 14
87 2 39
87 68 14
87 95 43
87 79 16
87 92 3
88 53 28
88 68 3
88 90 30
88 68 23
89 14 12
89 22 11
89 78 27
90 8 19
90 94 44
90 27 2
91 56 1
92 6 47
92 95 40
92 71 36
92 46 32
93 11 6
93 18 36
94 32 12
94 46 20
94 18 39
94 4 34
94 84 1
95 64 44
95 3 11
95 6 23
96 43 14
96 51 19
97 21 24
97 63 10
97 96 26
97 18 35
97 29 2
98 29 14
99 17 14
99 25 10
99 80 29
99 17 4
100 21 6
100 86 21
100 29 11
100 93 27
