1000
1 851 192
1 103 32
1 143 420
1 442 206
1 233 239
2 513 89
2 921 479
3 510 203
3 476 231
3 8 279
3 44 327
4 655 46
4 925 136
5 189 212
6 266 389
6 530 22
6 39 367
7 896 312
7 339 240
8 904 352
8 834 200
8 473 152
8 848 284
8 571 99
9 214 101
9 854 220
10 87 366
11 909 230
11 279 241
11 68 359
11 574 222
12 85 179
13 654 82
13 24 359
13 640 477
14 77 52
14 662 239
14 642 468
14 979 236
14 597 51
15 201 32
15 276 3
15 350 143
16 459 444
16 390 221
17 368 115
17 469 405
17 31 207
17 833 1
17 965 174
18 229 358
18 972 17
18 534 53
18 687 439
18 9 285
19 519 45
19 766 31
19 868 229
20 942 75
20 143 120
21 810 346
21 686 19
21 735 212
21 618 332
21 728 357
22 439 213
22 979 405
23 923 129
23 326 500
24 348 41
24 580 153
24 147 289
25 549 403
25 663 175
25 794 333
25 234 437
25 826 183
26 835 393
27 964 35
28 154 194
29 923 69
29 781 155
30 777 379
30 286 384
31 503 314
31 515 283
31 498 238
31 715 448
32 362 80
32 270 305
32 803 432
33 501 420
33 332 114
33 694 80
33 797 45
34 143 101
34 764 207
34 352 394
34 870 140
34 512 254
35 376 159
35 97 476
35 336 482
36 633 338
37 660 101
38 232 109
38 222 455
38 792 106
38 656 438
39 459 33
40 407 239
40 292 290
40 359 396
40 327 336
40 704 96
41 726 438
41 837 214
41 700 95
41 93 124
41 792 313
42 694 4
43 544 359
43 399 309
44 497 160
44 416 246
45 741 394
45 668 216
45 505 370
45 209 174
46 957 38
46 778 229
46 146 444
46 78 262
47 545 12
47 921 43
47 651 354
47 919 250
47 108 153
48 620 326
48 924 210
48 374 134
49 877 221
50 202 303
50 989 217
50 810 137
50 494 188
51 547 304
52 670 329
52 845 110
52 383 485
53 301 7
53 578 431
53 272 133
54 462 12
54 279 341
54 662 322
54 632 324
54 291 145
55 889 436
55 723 456
55 640 384
55 922 494
56 372 377
56 665 355
56 767 164
56 189 122
56 546 244
57 853 483
57 464 385
57 799 33
58 886 283
58 733 476
58 395 174
58 964 291
59 951 472
59 341 151
59 531 193
59 454 79
59 180 389
60 266 113
61 628 311
61 537 194
61 13 465
62 743 389
62 719 315
62 32 295
62 664 152
63 280 214
63 631 441
63 394 170
63 723 388
64 454 19
64 371 29
64 315 192
65 991 183
66 221 30
66 397 303
66 860 285
67 886 378
67 392 350
67 510 64
67 849 85
67 100 120
68 344 460
68 921 312
68 593 90
68 939 255
68 157 476
69 853 406
69 89 229
69 759 59
69 312 129
70 885 147
71 829 247
71 789 354
71 312 86
71 181 107
72 167 394
72 360 1
72 814 69
73 932 360
73 512 178
74 266 481
75 946 385
75 587 13
75 227 311
75 658 193
75 17 125
76 57 43
76 701 441
76 402 139
77 137 275
77 238 456
77 362 149
77 214 264
78 618 420
78 282 63
78 193 92
78 951 141
78 657 385
79 143 349
79 341 483
80 954 28
80 499 385
80 985 422
80 660 410
81 468 379
81 630 14
82 60 222
82 934 453
82 630 194
82 587 33
83 200 11
83 419 109
83 799 267
84 931 341
84 17 331
84 65 33
84 56 237
85 501 130
85 900 288
86 12 163
86 577 131
86 56 262
86 311 148
86 252 408
87 184 84
87 840 223
87 805 193
87 995 237
87 855 334
88 427 177
89 920 32
90 304 376
90 560 250
90 254 75
90 845 14
90 532 278
91 690 24
92 191 90
92 136 134
92 963 300
93 821 400
93 997 188
93 396 150
94 514 279
94 255 428
95 262 313
95 734 245
95 898 236
96 713 17
96 751 336
96 343 331
96 839 136
96 651 300
97 412 202
97 729 34
97 549 142
98 653 498
98 413 134
98 732 38
98 27 335
99 371 371
99 861 324
99 351 240
99 431 438
99 869 242
100 89 101
100 832 263
101 1000 290
101 619 285
101 314 66
101 29 429
102 690 86
102 611 186
102 529 454
102 476 149
103 653 203
103 365 282
103 628 9
103 869 193
103 347 217
104 51 53
104 982 490
104 403 377
104 62 400
105 87 94
105 986 196
105 841 179
105 942 278
106 758 441
107 856 107
107 165 296
107 321 378
107 421 187
107 412 404
108 229 133
108 488 191
109 102 180
109 608 253
110 54 174
110 108 263
110 437 401
110 127 297
110 986 367
111 510 442
111 922 15
111 86 369
112 441 129
113 697 496
114 657 363
114 206 171
114 238 80
114 444 424
114 778 35
115 286 52
115 959 164
115 77 268
115 847 377
115 848 384
116 77 115
116 475 245
116 303 129
116 634 148
116 891 210
117 343 244
117 131 481
117 34 49
118 774 446
119 15 178
119 857 258
120 250 76
120 367 337
121 597 333
122 932 183
122 789 444
122 604 244
122 817 180
123 610 279
123 534 363
124 993 461
124 62 75
124 445 193
125 624 492
125 20 330
126 83 237
127 686 135
127 84 393
128 146 56
128 783 220
128 250 350
128 887 307
129 502 470
129 523 487
129 442 142
129 492 463
129 296 172
130 665 10
130 484 218
130 728 72
130 480 338
131 127 95
131 234 394
131 17 65
131 506 20
131 40 498
132 422 161
132 326 293
133 98 139
133 978 315
133 781 109
133 489 40
134 179 455
135 230 476
135 689 5
135 698 257
136 461 262
136 330 148
137 193 113
137 414 179
137 272 142
137 887 206
138 79 221
138 700 157
138 988 362
138 198 346
139 250 287
139 507 424
139 646 225
140 194 50
141 367 359
141 923 115
141 646 277
142 759 229
142 430 482
142 249 425
142 400 316
142 291 385
143 703 145
143 503 366
143 642 405
143 991 446
144 936 457
144 23 494
145 299 128
145 605 47
145 425 257
145 785 337
145 37 484
146 603 367
146 705 185
146 920 391
146 699 179
147 983 47
147 860 144
147 803 410
147 973 50
148 987 227
149 881 292
149 972 55
149 625 160
150 280 89
151 103 126
152 290 489
152 338 24
152 106 252
152 739 406
153 486 382
153 650 118
153 152 6
154 462 131
154 69 110
155 806 362
155 467 406
155 408 165
155 347 376
156 769 183
156 612 480
157 718 313
157 424 161
157 822 263
158 319 61
159 850 260
159 493 217
160 120 121
161 908 394
161 503 77
162 537 115
162 375 52
162 635 284
163 294 249
163 314 374
163 338 320
163 615 356
164 646 243
164 670 363
164 1000 490
164 745 62
165 933 373
166 696 435
166 102 424
166 992 324
167 545 423
167 814 146
167 180 313
167 132 79
168 831 220
169 144 454
169 66 312
169 455 295
169 246 337
170 520 187
171 292 363
171 35 44
172 677 262
172 306 285
172 156 197
172 361 17
172 57 97
173 564 483
173 520 317
173 207 163
173 727 456
173 38 17
174 492 431
174 485 451
175 494 424
175 780 37
175 319 408
176 280 238
176 336 135
176 134 434
177 866 309
178 733 104
178 395 358
178 479 24
179 923 380
179 764 86
179 183 342
180 196 236
181 957 367
181 774 173
181 787 30
182 480 455
182 219 438
182 672 321
182 110 110
183 231 20
183 263 370
183 82 123
183 260 248
184 625 491
184 445 348
184 317 26
184 187 283
185 743 486
185 512 223
185 511 485
185 267 242
186 228 266
186 995 75
186 851 435
187 312 421
187 543 435
187 174 340
188 508 10
189 748 13
189 504 440
189 331 163
189 600 401
189 51 269
190 187 418
191 241 281
191 223 302
191 599 46
191 854 452
191 646 291
192 298 379
192 874 56
192 952 17
193 800 435
193 148 399
194 13 266
194 933 192
194 69 33
194 741 302
195 359 401
195 425 303
195 438 178
196 873 106
196 18 430
196 720 416
196 857 324
197 379 240
197 789 271
197 679 31
198 399 287
198 621 175
199 714 444
199 923 116
199 884 207
200 520 138
200 560 204
200 296 423
200 609 255
200 20 253
201 934 423
201 313 91
201 656 172
201 325 354
202 718 340
202 383 341
202 31 241
202 372 56
203 370 180
203 604 14
203 976 309
203 804 60
203 323 312
204 704 182
204 213 234
205 373 437
206 41 435
207 753 250
207 833 355
207 885 78
207 709 97
208 688 183
208 731 370
208 289 178
208 350 460
209 418 357
209 193 218
209 571 308
209 117 16
210 23 10
211 92 217
211 880 370
211 135 410
212 478 1
213 725 18
213 892 478
213 67 50
214 700 78
214 45 420
214 537 488
214 6 452
215 74 403
215 781 336
215 463 473
215 610 154
216 182 232
216 189 468
217 689 61
217 309 189
218 851 500
218 721 389
218 397 292
218 580 414
219 240 272
219 891 242
219 28 142
219 1 333
219 177 493
220 916 318
220 775 280
221 881 464
222 670 450
222 596 209
223 761 303
223 905 262
223 178 199
223 455 47
223 839 373
224 842 46
224 769 272
225 30 500
225 660 420
226 697 381
226 840 74
227 299 433
227 478 198
228 868 246
228 932 27
229 718 246
229 133 217
229 208 155
229 777 401
230 486 478
230 202 124
230 961 56
231 1000 354
232 950 241
233 836 251
233 810 468
234 180 482
235 459 492
236 850 76
237 114 466
237 233 274
237 641 121
237 869 55
238 744 170
238 904 489
239 545 498
239 99 73
239 53 345
240 851 19
240 871 183
241 87 491
242 955 103
242 362 488
242 461 40
242 835 210
242 434 351
243 751 208
244 254 331
244 826 494
245 512 367
245 537 243
245 218 428
246 439 154
246 203 360
246 113 80
247 872 234
247 534 10
247 137 312
248 918 375
249 397 241
250 609 486
250 758 488
250 514 103
251 415 41
251 172 452
251 804 478
251 666 343
252 224 412
252 590 432
252 752 217
252 923 302
253 940 279
254 927 354
254 159 232
254 475 486
254 206 334
255 539 25
255 22 212
255 789 39
255 66 455
255 133 454
256 467 319
256 640 342
256 22 19
257 812 275
257 651 413
257 111 197
258 839 60
258 217 324
259 872 459
259 919 273
260 942 174
260 201 430
261 45 363
261 426 152
261 101 114
261 827 123
261 712 332
262 527 337
262 269 379
262 198 340
263 679 150
263 410 379
264 871 13
264 493 434
264 667 212
264 993 405
265 104 348
265 333 285
265 403 124
265 413 71
266 287 473
266 535 465
266 359 66
266 352 329
267 641 250
267 275 53
267 915 419
268 256 84
268 125 206
269 157 405
269 963 209
269 68 382
270 52 482
271 334 268
271 208 261
271 301 173
271 424 353
271 392 354
272 448 264
272 119 202
272 762 496
272 746 72
273 348 132
273 992 199
273 895 477
273 658 156
273 215 106
274 319 347
274 495 271
274 48 99
275 633 217
275 13 289
276 912 470
276 796 357
277 199 48
277 29 214
277 104 94
277 889 398
278 983 249
278 300 369
278 115 79
279 869 455
279 684 394
279 743 491
279 237 220
279 244 77
280 59 14
280 356 468
280 263 138
280 439 439
280 773 204
281 12 67
281 698 230
282 836 267
283 914 208
283 187 301
283 333 218
283 508 222
284 442 279
284 472 322
284 767 401
284 269 393
284 242 149
285 262 216
286 479 99
286 962 36
287 8 215
288 243 338
288 363 257
288 653 391
289 29 296
289 371 331
289 694 470
289 994 340
289 128 197
290 152 438
290 249 167
290 737 338
291 648 233
291 715 246
291 700 482
292 500 8
292 589 325
293 900 74
293 719 413
293 686 244
294 991 454
294 176 351
295 684 217
295 890 404
295 944 475
296 130 205
296 672 257
296 554 188
296 648 31
297 539 158
298 44 190
299 384 32
299 624 160
300 993 392
300 361 384
300 794 4
300 698 275
301 971 315
302 229 494
303 311 239
303 849 202
303 169 301
304 242 249
305 514 176
305 885 73
305 309 323
306 768 30
306 454 161
306 368 395
306 326 1
306 190 359
307 318 418
307 782 83
308 831 400
308 748 89
308 175 83
308 939 485
309 2 83
309 84 244
309 579 256
310 919 29
310 751 385
310 806 70
310 651 159
311 660 93
312 417 3
312 154 69
312 26 488
312 353 379
313 427 74
313 378 213
313 689 391
313 620 157
314 353 465
314 389 370
314 610 44
314 5 237
314 272 58
315 738 346
315 975 349
315 187 166
315 669 40
315 855 211
316 82 352
316 717 44
316 970 401
316 396 280
316 971 432
317 803 255
318 984 444
318 406 73
319 283 7
319 565 44
319 847 86
320 726 143
321 102 309
321 326 474
321 990 483
321 648 226
321 685 345
322 415 237
322 159 85
323 444 35
324 195 436
324 723 74
324 21 346
324 568 311
324 345 357
325 748 75
325 333 429
325 995 339
326 955 3
327 358 198
327 412 378
328 707 25
328 79 235
328 121 106
328 42 395
329 120 284
329 262 458
329 709 317
329 1000 145
329 763 273
330 596 168
330 3 468
330 256 154
330 793 119
331 93 307
331 902 138
332 727 115
332 903 228
332 768 302
332 566 262
333 227 495
333 445 499
333 662 463
333 694 373
333 761 401
334 882 32
334 445 191
334 682 363
335 513 416
335 584 50
335 305 148
335 53 102
336 170 382
336 211 455
336 97 173
337 94 490
337 35 401
338 833 469
339 847 289
339 812 328
339 280 22
339 481 162
339 865 474
340 86 428
340 748 462
340 182 82
340 131 455
341 683 434
341 866 171
341 54 56
342 779 459
342 786 334
343 121 129
343 23 472
343 497 81
343 868 303
344 485 7
345 388 152
345 404 193
345 830 410
345 900 3
346 508 433
346 237 475
347 636 309
347 71 293
347 120 149
347 240 27
347 781 254
348 203 26
348 165 462
348 328 170
349 318 38
349 525 143
350 959 271
350 808 31
351 463 337
351 724 405
351 724 313
352 185 185
353 222 96
353 57 197
353 16 370
354 824 27
355 65 300
355 985 420
355 185 53
355 17 348
355 538 284
356 512 33
357 987 12
357 605 274
357 936 48
358 937 204
358 366 144
358 765 86
359 694 192
359 714 279
359 922 430
360 276 270
360 138 108
360 778 192
360 342 225
360 835 137
361 153 23
361 305 358
361 929 93
361 382 476
361 635 454
362 637 427
362 642 70
362 845 244
363 367 8
363 198 427
363 970 208
363 992 223
364 281 6
365 2 160
365 902 302
365 548 271
366 514 409
366 375 280
366 149 168
366 37 350
367 402 103
367 17 133
367 922 104
367 709 485
367 831 483
368 974 92
368 182 53
368 373 16
368 315 85
369 259 340
369 436 464
370 236 205
370 427 293
370 612 318
371 388 449
371 721 41
371 921 40
372 419 333
372 708 218
372 167 72
373 276 236
373 325 155
373 304 71
374 120 82
374 182 253
374 72 133
374 348 358
375 612 52
376 356 156
376 551 293
376 225 240
377 647 184
377 530 254
377 333 241
377 171 421
378 919 286
378 948 125
378 133 396
379 513 494
379 340 231
379 403 110
379 105 334
380 394 231
380 364 496
380 147 177
381 692 157
382 573 152
382 864 269
383 758 468
383 256 119
383 689 90
383 476 336
384 681 117
384 177 140
384 39 254
384 182 201
384 514 14
385 277 98
385 932 446
385 523 496
385 82 353
386 121 229
386 453 273
387 681 435
387 803 88
387 965 101
388 743 165
388 958 4
389 849 346
389 238 8
389 621 385
389 236 285
389 468 107
390 899 243
390 151 204
390 218 422
390 599 361
390 22 470
391 903 37
391 241 100
391 234 384
391 140 331
392 835 265
392 945 196
392 584 141
392 862 317
392 914 182
393 911 169
393 629 89
393 230 248
394 45 469
394 130 17
394 75 268
394 411 473
395 418 457
396 482 138
397 728 169
397 94 118
397 380 451
397 818 144
397 638 201
398 80 405
398 936 140
398 674 112
398 956 74
398 781 212
399 482 9
399 711 70
399 212 452
400 370 196
400 571 436
400 348 379
400 692 203
401 871 356
401 306 106
401 955 106
402 322 328
403 233 486
403 647 424
403 296 140
404 432 257
405 147 311
405 923 83
405 273 358
406 209 247
406 524 309
406 96 317
407 731 371
407 32 185
407 31 125
408 832 331
408 675 260
408 239 387
409 326 3
409 574 381
409 110 86
409 378 82
409 145 124
410 172 259
410 239 283
411 861 193
412 183 21
412 693 259
412 196 353
412 619 494
413 393 450
413 923 131
413 276 242
413 763 73
413 633 466
414 428 109
415 496 192
415 461 246
416 767 243
417 764 496
417 481 413
417 881 341
418 459 73
418 796 224
418 660 255
419 918 238
419 820 255
419 947 336
420 340 305
420 39 176
420 675 108
420 212 110
420 37 462
421 881 184
422 166 341
422 857 419
422 22 39
422 930 414
423 502 165
423 135 82
423 621 304
424 297 131
425 107 197
426 970 455
427 394 446
428 439 116
428 732 210
428 707 160
428 76 95
429 300 177
429 368 121
429 60 386
429 891 274
429 438 277
430 974 183
431 61 333
432 95 141
433 308 437
433 851 363
433 498 225
434 911 278
434 266 176
434 217 368
434 275 402
434 946 326
435 838 102
435 544 12
435 188 326
436 568 179
436 189 85
436 353 47
437 633 247
437 988 251
438 846 313
438 599 230
438 174 336
439 156 32
439 147 188
439 19 204
440 781 234
440 854 157
440 66 120
440 306 197
441 108 61
441 750 499
441 816 310
441 258 408
441 775 246
442 845 351
442 650 305
442 724 88
442 337 175
443 399 225
443 248 491
444 405 112
444 101 498
444 162 84
444 719 93
445 523 347
445 499 309
445 762 150
445 166 152
445 400 63
446 566 55
446 433 259
446 774 179
446 195 272
447 22 263
447 693 33
447 567 267
447 571 282
447 639 280
448 503 467
448 168 10
449 831 292
449 384 368
449 216 226
450 895 40
450 336 495
451 227 390
451 700 279
452 242 297
453 999 190
453 286 178
453 739 393
453 491 231
453 40 290
454 111 225
454 151 205
455 243 252
456 584 13
456 762 314
457 53 162
458 81 296
458 53 189
458 699 273
458 666 197
458 125 223
459 430 53
459 877 134
459 948 131
459 984 215
459 839 181
460 665 463
460 347 174
460 667 51
460 325 93
461 658 288
462 638 129
463 103 371
463 715 402
463 201 311
464 318 132
464 3 379
464 424 22
464 588 18
465 452 439
465 865 437
465 709 13
466 708 297
466 834 120
466 828 62
466 253 268
467 285 334
468 215 246
468 289 280
468 176 103
469 508 475
469 954 437
469 142 478
470 430 240
470 469 387
470 785 199
470 820 301
470 752 475
471 163 500
472 901 314
473 546 158
473 986 77
473 526 17
474 360 244
474 297 60
474 214 150
474 94 22
474 517 481
475 100 38
475 72 50
475 642 167
475 214 295
475 901 196
476 387 60
476 764 60
476 540 121
476 584 12
477 873 6
477 959 45
477 676 338
477 636 95
478 928 461
478 204 165
478 199 37
479 150 64
479 49 138
480 319 229
480 622 57
480 40 466
480 411 91
481 108 201
481 760 179
481 532 144
481 950 428
482 674 356
483 59 59
484 155 118
484 293 293
484 930 385
485 764 271
485 814 141
485 164 129
486 425 224
486 820 361
486 921 95
486 603 356
486 703 500
487 207 283
487 400 418
488 640 175
488 816 468
488 408 486
488 923 408
489 403 187
490 235 331
491 778 71
492 543 248
493 405 454
493 873 285
493 431 284
493 105 2
494 836 7
494 209 61
495 824 409
495 416 337
496 864 296
496 334 23
496 32 90
497 919 107
497 903 334
497 790 410
498 663 228
498 368 35
498 564 219
498 58 118
498 267 105
499 455 136
499 418 274
499 125 485
500 441 108
500 462 170
500 273 129
500 445 17
501 696 401
501 118 435
502 74 172
503 876 50
503 905 239
503 4 166
503 294 181
503 400 373
504 126 70
504 921 57
504 326 98
504 269 364
504 152 11
505 235 340
505 557 268
505 220 187
506 265 68
506 467 406
506 519 329
506 145 52
507 474 80
507 159 166
507 565 8
508 619 202
509 324 144
509 692 35
510 135 305
510 415 479
510 556 253
510 433 228
511 30 223
511 973 186
511 566 266
511 246 295
512 913 281
512 813 34
512 898 64
512 327 50
512 807 351
513 582 341
513 685 225
513 121 111
513 293 283
513 515 233
514 555 369
514 206 482
514 718 400
514 337 305
515 401 444
516 529 4
516 155 98
516 227 347
516 842 155
517 922 448
517 909 494
517 339 351
517 455 432
517 113 345
518 199 147
518 422 122
518 185 127
518 988 27
518 977 368
519 173 88
519 312 77
520 275 310
520 174 197
520 922 319
521 372 152
521 208 181
521 202 70
521 609 219
521 28 183
522 282 302
522 553 34
523 986 28
523 395 301
523 981 151
523 502 386
524 521 100
524 105 451
524 889 312
524 642 31
525 413 146
525 836 250
526 486 20
526 189 480
526 97 325
527 28 46
527 835 422
527 892 418
528 38 394
529 690 328
529 967 471
529 903 181
529 928 227
530 769 33
530 670 235
530 180 137
530 488 451
531 923 214
531 703 439
532 258 325
532 236 386
532 642 185
533 906 275
533 106 99
533 825 488
534 909 306
534 186 4
534 253 202
534 577 268
535 552 451
535 219 403
535 77 113
535 731 332
536 225 76
536 926 35
536 573 130
536 793 8
536 874 90
537 811 60
537 203 233
537 517 129
537 181 81
538 395 9
538 536 233
538 938 277
538 900 229
539 122 332
539 319 375
539 559 385
539 840 131
540 368 467
540 760 266
540 289 146
540 35 285
540 590 119
541 75 405
541 712 305
541 195 410
542 981 32
542 596 271
542 674 431
543 55 246
543 362 280
543 336 387
543 414 458
544 2 492
544 378 73
544 241 161
545 315 434
545 571 65
545 148 431
545 885 337
546 653 247
546 903 391
547 580 379
548 914 165
548 306 74
548 716 308
548 513 2
548 806 105
549 632 436
550 995 447
550 307 446
550 604 349
550 621 403
550 933 475
551 403 169
551 629 47
552 918 109
552 830 401
552 28 46
552 234 26
553 963 443
553 238 256
554 438 229
554 570 294
554 811 492
554 579 8
555 171 216
555 692 194
555 701 176
555 408 202
556 204 161
556 134 423
556 231 437
556 382 53
557 641 68
557 336 401
557 735 234
558 63 19
558 442 77
558 54 149
558 985 142
558 760 121
559 928 314
560 769 487
560 224 288
560 359 337
560 37 477
561 599 65
561 542 478
561 381 461
562 474 29
562 41 457
562 282 234
562 398 31
563 480 304
563 203 153
563 965 58
563 688 346
563 964 376
564 487 297
565 48 117
565 783 43
565 132 245
565 535 280
565 870 118
566 867 120
566 483 290
566 238 365
567 923 85
567 426 202
567 945 196
567 152 455
567 892 66
568 731 88
568 873 199
568 518 204
569 366 120
569 371 302
569 286 465
569 765 312
569 714 23
570 271 398
570 243 18
571 155 229
571 374 214
572 189 235
573 513 394
574 410 205
574 655 175
574 593 369
574 771 51
574 632 268
575 779 196
575 245 386
575 870 134
576 390 125
576 597 175
576 430 462
577 549 93
577 63 408
577 534 120
578 607 218
578 974 72
579 491 82
579 420 451
579 217 45
580 183 341
581 760 349
582 407 274
582 82 364
582 564 383
582 896 287
583 971 130
583 951 116
583 298 18
583 208 326
583 256 397
584 574 35
584 657 329
584 893 435
584 631 255
585 270 217
585 992 205
585 703 110
585 233 287
586 443 333
586 882 108
586 268 349
586 782 391
586 727 237
587 847 26
588 259 484
588 450 112
588 885 261
589 812 377
589 398 365
589 982 133
590 968 448
591 469 16
591 263 469
591 2 52
592 616 198
592 885 207
593 390 426
594 55 363
594 697 267
594 898 103
594 534 193
594 434 133
595 895 377
595 478 25
595 132 377
595 762 359
596 665 74
596 192 80
596 819 317
596 193 412
596 771 425
597 642 352
597 918 436
597 573 325
598 279 463
599 108 71
600 624 450
600 17 251
601 690 134
601 495 500
601 869 477
601 932 142
601 571 23
602 246 41
603 202 384
603 162 265
603 252 272
604 441 422
604 59 271
605 304 422
606 358 257
606 884 189
606 528 128
607 24 445
607 592 312
607 92 311
608 824 459
608 380 361
609 144 161
609 513 447
609 379 288
610 919 149
611 454 392
611 94 259
612 229 339
612 660 2
612 40 296
612 104 263
612 687 335
613 157 297
614 907 94
614 806 230
614 185 381
614 435 235
615 499 190
615 691 380
615 977 70
615 269 29
615 96 141
616 618 296
617 191 116
618 138 449
618 714 98
618 418 374
618 249 170
618 412 66
619 284 472
619 785 190
619 220 113
620 800 453
620 849 1
620 66 237
620 289 440
620 893 325
621 463 172
621 249 98
621 391 165
621 153 167
622 965 34
622 754 84
623 928 399
623 776 43
623 306 32
623 982 21
623 143 227
624 268 426
624 16 307
624 733 276
624 238 151
625 261 328
626 716 340
627 119 148
627 23 443
627 687 318
627 589 151
628 318 480
629 180 82
629 161 374
629 506 79
630 579 248
630 127 273
630 465 235
631 155 423
631 8 436
631 507 356
632 902 74
632 303 467
632 759 59
632 302 42
633 710 370
633 801 37
633 816 218
633 456 237
633 47 93
634 948 184
634 988 492
635 894 410
636 776 464
636 93 78
636 354 244
637 129 59
637 257 232
637 136 206
637 169 347
637 368 414
638 897 365
638 121 62
639 933 426
639 188 468
639 444 247
639 546 23
639 837 278
640 813 234
641 948 242
641 423 41
641 860 24
641 260 416
642 998 320
643 673 3
643 673 340
643 509 355
643 373 488
644 911 156
644 718 325
645 252 395
645 743 165
645 995 161
645 571 183
646 47 452
646 184 228
646 652 386
647 965 490
647 422 113
647 15 274
648 57 224
648 25 390
648 228 445
648 561 239
648 304 338
649 892 360
649 959 40
649 565 145
649 950 369
649 981 122
650 245 256
650 584 352
651 864 444
651 746 218
651 851 453
652 465 37
652 362 63
652 576 462
652 162 495
652 337 301
653 490 279
653 952 204
653 108 143
653 475 198
654 320 318
654 975 101
655 959 49
656 839 56
657 950 426
657 590 181
658 416 51
658 13 217
658 374 488
658 374 5
659 600 74
659 682 20
659 847 19
659 990 160
660 380 293
661 554 463
661 555 323
662 333 235
662 549 153
662 757 357
663 89 67
663 57 425
664 459 341
664 977 242
664 122 111
665 660 13
666 651 247
667 486 441
668 956 437
668 291 145
669 569 42
669 436 346
669 474 196
670 562 489
671 931 99
671 652 483
671 865 422
671 356 438
672 22 445
672 97 434
672 506 324
673 282 14
673 41 475
674 116 394
675 159 216
675 957 81
676 216 429
676 464 466
676 358 229
677 784 446
677 486 151
677 579 490
678 503 37
678 781 190
678 326 153
678 857 249
679 428 421
679 774 311
679 677 290
680 847 325
680 89 462
680 646 500
681 712 178
681 722 127
682 141 410
682 126 5
682 238 474
682 318 434
682 406 196
683 318 470
684 466 390
684 865 385
684 36 39
684 296 350
685 955 104
685 912 258
685 981 37
685 300 109
685 350 154
686 618 375
686 356 386
686 496 105
686 956 121
686 621 180
687 219 88
687 17 68
687 329 331
687 505 254
687 846 286
688 924 83
688 569 183
688 461 288
688 637 72
688 728 424
689 69 343
689 696 450
689 335 272
689 409 4
689 428 17
690 258 396
690 522 56
690 799 277
691 812 209
691 753 256
692 424 72
692 477 31
692 919 77
693 544 364
693 67 388
693 347 12
693 621 294
694 294 56
694 297 316
694 688 130
695 673 352
695 792 264
695 453 147
695 32 83
696 484 491
696 918 288
696 963 454
696 958 405
696 540 257
697 773 85
698 960 132
698 874 377
699 176 40
700 809 402
701 689 276
702 836 272
702 170 329
702 128 226
702 805 349
702 420 51
703 221 12
704 409 387
704 849 369
704 6 432
704 480 383
704 735 398
705 494 415
706 331 287
706 734 276
706 207 200
706 367 485
707 150 98
707 922 249
708 486 387
708 40 59
709 468 96
709 430 250
710 657 376
710 449 419
711 999 350
711 617 88
711 745 281
711 936 294
712 352 280
712 633 53
713 567 450
714 168 51
715 282 43
715 457 235
715 499 12
716 422 387
717 242 10
718 574 154
718 124 94
718 799 203
718 802 26
718 584 9
719 543 170
719 165 70
719 710 73
719 13 178
719 547 400
720 984 348
721 417 37
721 650 202
721 978 270
722 273 176
722 609 355
722 775 260
722 306 132
722 371 443
723 411 133
723 949 136
723 438 113
724 138 432
724 264 18
724 486 334
724 87 499
724 544 336
725 650 319
725 967 448
725 903 125
725 92 499
726 811 420
726 200 364
726 303 373
726 936 32
727 871 146
728 190 15
728 627 268
728 230 430
728 235 26
729 509 73
730 416 431
730 536 196
730 481 487
731 750 372
731 203 104
732 614 269
732 518 241
732 698 114
733 203 437
734 140 283
734 479 18
734 336 277
734 736 415
735 937 385
735 72 300
735 714 9
736 330 400
736 9 403
736 108 352
737 314 300
737 565 266
737 398 250
738 918 484
738 67 431
738 859 222
738 832 189
739 10 455
739 157 328
739 133 141
739 672 370
740 287 161
741 790 359
741 866 76
741 552 16
741 190 228
741 668 273
742 450 403
742 112 452
742 990 281
743 165 28
743 966 425
743 297 86
743 497 87
744 541 316
744 652 81
745 824 60
745 36 413
746 606 135
746 441 149
747 872 168
747 615 450
747 262 402
748 861 18
748 757 35
748 980 75
748 229 309
748 28 450
749 898 110
750 135 244
750 934 245
750 633 121
750 625 375
750 550 132
751 611 477
751 862 457
751 662 488
751 656 475
751 307 435
752 114 354
752 986 418
752 152 147
753 884 288
753 826 115
753 960 487
753 978 133
754 712 455
754 913 194
754 582 220
754 318 36
755 18 366
756 520 332
756 871 2
757 706 154
757 435 69
757 211 140
757 339 213
757 295 305
758 383 22
758 267 296
758 776 494
759 703 126
759 849 314
759 286 72
760 90 126
761 727 74
762 368 336
762 807 185
762 938 422
762 116 279
762 769 390
763 146 38
763 34 141
764 897 112
764 931 199
764 253 175
764 826 322
764 495 167
765 191 485
765 896 38
766 795 443
766 24 118
767 115 193
767 502 374
767 716 186
767 586 165
768 949 46
768 33 269
768 749 332
769 931 329
769 897 15
769 418 169
770 827 336
770 643 478
770 218 274
770 593 132
771 374 347
772 985 28
772 795 53
772 912 390
773 650 354
773 495 415
773 651 496
773 424 89
774 61 155
774 919 34
774 94 349
774 571 290
774 185 188
775 651 304
775 249 242
776 523 177
776 995 280
776 796 79
776 559 89
777 163 394
779 147 132
779 154 15
779 385 241
779 441 108
780 866 387
781 53 261
781 782 482
781 160 263
782 856 313
782 814 254
782 10 223
782 116 160
782 406 365
783 353 50
784 950 469
785 23 156
786 535 354
786 689 1
786 3 130
786 77 354
787 372 377
787 475 237
788 958 162
788 390 372
788 728 6
788 397 220
789 27 388
789 866 436
789 477 208
789 444 218
790 640 448
790 863 136
790 613 474
790 699 343
790 673 287
791 635 408
791 141 474
792 470 464
792 291 28
793 797 19
793 947 420
794 751 142
794 434 397
794 104 484
794 355 166
795 145 180
795 505 249
795 455 408
795 157 233
796 326 80
796 615 366
796 911 265
796 680 132
797 492 211
798 366 468
798 268 121
799 446 494
799 687 347
799 660 476
800 870 248
800 227 362
800 597 155
801 488 171
801 353 169
801 169 245
801 416 217
802 43 148
802 74 60
802 659 99
803 534 406
803 437 190
803 266 203
804 67 213
804 974 432
804 543 57
804 488 24
804 978 57
805 823 305
805 112 208
805 56 192
806 405 261
806 778 59
806 666 229
806 136 91
807 849 31
807 454 187
808 116 319
808 115 449
808 364 252
808 430 360
809 768 262
810 836 414
810 290 156
810 345 59
810 436 184
811 886 251
812 601 205
813 648 15
814 288 157
814 854 277
814 946 318
814 287 454
815 358 412
815 237 177
815 499 385
815 471 219
816 101 290
817 605 26
817 869 371
817 134 44
817 154 492
817 365 153
818 131 48
818 667 92
818 103 26
819 23 201
820 645 186
820 878 458
821 118 119
821 670 429
821 196 483
821 333 189
821 91 190
822 691 6
822 964 16
822 954 420
822 766 133
823 857 402
823 666 337
823 112 247
823 367 169
824 889 7
825 931 274
825 398 292
825 89 357
825 73 350
825 123 409
826 250 454
826 72 232
827 349 281
827 549 320
827 941 28
827 333 154
828 822 464
828 342 286
828 714 181
828 9 328
829 70 363
829 532 296
829 913 333
830 972 148
830 351 499
831 993 213
832 145 357
832 318 447
833 462 111
834 262 122
834 635 408
834 925 30
834 125 293
834 646 218
835 630 235
835 448 438
835 24 125
835 867 274
836 911 251
836 681 444
837 749 369
837 342 482
837 106 24
837 987 57
838 987 296
838 962 365
838 779 91
838 553 489
839 112 400
840 290 132
840 70 331
840 614 102
840 260 280
840 960 359
841 236 98
842 951 229
843 375 38
844 20 87
844 755 281
845 426 131
845 80 63
845 761 361
845 800 430
845 940 236
846 132 421
846 865 218
846 65 316
847 719 228
847 305 393
847 238 433
847 575 38
847 243 121
848 67 383
848 446 40
848 175 31
848 438 186
848 321 374
849 272 201
849 473 453
850 762 221
850 993 6
850 548 302
850 615 338
851 19 379
851 307 397
851 392 245
851 787 315
852 950 392
853 63 100
853 415 281
854 936 71
854 299 273
855 300 226
855 942 214
856 828 398
856 67 8
857 157 112
857 346 466
858 155 190
859 16 151
860 827 142
860 74 70
860 663 47
861 365 353
862 286 314
862 57 39
862 891 115
862 99 480
862 933 183
863 233 346
863 34 443
863 171 436
864 368 273
864 338 217
864 628 278
865 663 223
865 702 403
865 348 268
866 400 384
866 158 452
867 61 456
867 625 442
867 586 110
868 718 412
868 853 10
868 658 60
869 977 231
870 52 44
871 504 361
872 776 68
872 76 329
873 488 212
873 141 121
874 219 148
874 831 241
874 711 236
875 760 133
876 475 426
876 170 25
876 696 238
877 815 272
877 887 200
877 694 263
877 292 86
878 989 442
878 806 359
879 814 430
879 535 354
880 766 416
880 208 242
880 346 145
880 413 307
880 661 76
881 146 30
881 965 488
882 352 411
882 887 491
883 849 399
884 237 175
884 71 182
884 391 400
885 366 421
885 570 389
886 880 128
887 884 253
887 679 228
887 186 314
887 445 181
888 723 437
889 808 321
889 102 38
890 379 355
890 697 453
890 405 41
890 972 483
890 739 6
891 57 403
891 356 86
892 223 486
892 839 212
892 658 170
893 904 476
894 823 46
894 797 384
894 6 208
895 840 371
895 780 419
895 703 318
895 111 155
896 899 344
896 174 183
897 453 439
898 541 286
898 888 85
898 771 429
898 737 2
898 180 83
899 915 247
899 747 121
899 848 370
899 779 245
900 89 338
900 284 146
900 316 16
901 343 317
901 892 398
901 121 379
901 968 273
902 42 119
903 97 313
904 144 499
905 501 247
905 235 403
905 175 226
905 428 92
906 349 173
907 843 145
907 573 375
907 209 213
907 581 342
907 58 414
908 998 56
908 244 42
908 27 48
909 647 465
909 263 238
909 417 194
910 761 432
910 418 52
910 572 455
910 522 50
910 900 98
911 465 439
911 3 497
912 285 232
913 564 382
914 136 484
914 713 389
915 494 217
915 67 366
915 79 482
916 984 280
916 260 13
917 769 337
917 292 1
917 944 248
918 249 327
918 116 468
919 507 60
919 773 67
919 964 65
920 830 88
920 952 368
920 753 89
920 894 114
921 912 40
921 310 366
921 398 221
922 373 3
923 64 389
923 682 413
923 93 230
923 36 152
924 303 108
924 306 465
924 856 163
924 144 55
924 851 419
925 66 326
926 167 494
926 873 82
926 521 387
926 94 472
927 320 108
927 631 259
927 178 321
928 921 194
928 988 465
928 409 328
928 457 248
928 478 486
929 262 228
929 237 71
929 459 352
929 493 212
930 502 303
930 830 104
930 932 471
931 268 2
931 827 441
931 188 313
932 250 268
932 359 99
932 263 231
932 475 150
932 670 92
933 856 133
933 230 431
933 774 458
933 89 279
934 153 29
934 245 87
934 799 387
934 193 92
935 979 251
935 144 61
936 22 428
936 220 338
937 737 243
937 754 238
937 912 407
937 45 32
938 313 60
938 872 230
938 170 202
938 43 365
938 609 500
939 584 10
939 186 2
939 569 478
940 365 17
940 798 293
941 571 293
942 211 204
942 327 110
942 610 225
942 579 333
943 678 303
943 815 500
944 892 265
944 307 457
944 76 149
944 303 343
944 400 184
945 258 177
945 703 75
946 913 372
947 283 364
947 404 18
947 293 177
947 206 347
947 133 353
948 381 81
948 804 268
948 563 33
948 627 467
948 117 220
949 207 247
949 422 85
949 357 433
949 372 412
950 807 441
950 890 125
950 5 56
951 654 343
951 943 391
951 388 98
951 425 75
952 732 265
952 669 374
953 918 3
953 398 14
953 699 134
954 316 348
954 418 318
954 206 350
954 893 39
954 327 442
955 111 139
955 599 75
956 155 88
956 690 384
956 757 397
957 309 371
957 82 421
958 164 129
958 911 467
959 476 249
959 469 439
959 869 282
959 749 490
960 594 100
960 717 343
961 544 417
961 503 283
961 575 160
961 824 64
962 167 4
962 232 278
962 580 332
963 481 292
963 558 50
964 300 369
964 519 500
964 771 254
964 3 185
964 361 205
965 186 190
965 940 354
965 199 321
965 55 463
965 530 250
966 110 252
966 877 265
967 22 318
967 336 419
967 852 199
968 638 398
968 394 86
968 164 317
968 41 193
968 202 49
969 697 100
969 651 433
970 551 140
970 22 50
971 524 249
971 732 216
971 918 158
971 555 385
972 122 194
972 977 319
972 711 185
972 359 322
973 143 355
973 185 335
973 500 70
974 603 362
974 989 340
974 400 243
974 615 408
975 332 488
975 653 435
976 912 276
976 239 91
976 14 457
977 164 451
977 624 317
977 740 163
977 756 210
977 7 194
978 896 368
979 960 375
979 627 131
979 653 325
979 433 331
980 357 234
980 146 303
980 343 6
980 953 124
980 313 354
981 850 430
982 532 445
983 454 161
984 971 361
984 273 458
984 279 346
984 797 63
985 15 322
986 768 246
986 814 276
986 688 311
987 634 440
987 730 247
987 601 201
987 408 404
988 706 411
988 223 289
988 225 305
988 599 431
988 368 335
989 665 123
989 386 425
989 245 141
989 936 249
990 502 182
990 322 472
990 331 488
991 606 29
991 234 327
991 329 145
991 267 143
992 390 303
993 690 276
993 380 377
993 706 29
994 312 337
994 191 371
995 429 250
995 560 119
995 349 428
995 70 493
995 149 282
996 863 282
997 119 336
998 490 240
998 272 349
998 484 378
999 80 25
999 716 310
1000 398 319
